0 0.507133 0.464465 0.040359 0.037986
0 0.423809 0.421687 0.037070 0.034153
0 0.668086 0.521965 0.043828 0.044931
0 0.382117 0.624201 0.050766 0.077236
0 0.239656 0.521167 0.040266 0.063167
0 0.307414 0.529340 0.047016 0.072653
0 0.830715 0.612056 0.071617 0.062139
0 0.639145 0.561507 0.038602 0.050625
0 0.985582 0.636264 0.028383 0.087583
0 0.188715 0.395521 0.026211 0.024264
0 0.853082 0.942514 0.107055 0.108250
0 0.296395 0.463618 0.043773 0.041875
0 0.344285 0.492979 0.040617 0.040458
0 0.563242 0.488542 0.045234 0.040750
0 0.568098 0.447944 0.038086 0.029222
0 0.193668 0.476313 0.013930 0.032736
0 0.191367 0.440736 0.026094 0.035056
0 0.179531 0.414444 0.015562 0.026472
0 0.252207 0.404028 0.029102 0.030917
0 0.233621 0.398056 0.021867 0.021944
0 0.597367 0.640167 0.069281 0.082694
0 0.435141 0.900340 0.093281 0.199319
0 0.863266 0.703604 0.102469 0.093625
0 0.336980 0.428972 0.024633 0.023222
0 0.342477 0.408542 0.025125 0.016556
0 0.273965 0.839493 0.085648 0.135764
