0 0.401004 0.678201 0.060992 0.113347
0 0.443539 0.502944 0.049437 0.066778
0 0.657918 0.699174 0.088586 0.113542
0 0.544996 0.502125 0.044727 0.050056
0 0.308668 0.521285 0.039961 0.057486
0 0.650879 0.573160 0.051320 0.038792
0 0.628617 0.510549 0.052250 0.047597
0 0.920125 0.651618 0.100234 0.102764
0 0.766156 0.642278 0.077375 0.085111
0 0.498109 0.628722 0.066484 0.102194
0 0.597602 0.826569 0.094047 0.139778
0 0.467348 0.446271 0.040352 0.035319
0 0.418789 0.436597 0.039297 0.037083
0 0.346273 0.422347 0.032766 0.027750
0 0.370230 0.589562 0.049227 0.073014
0 0.188160 0.393708 0.017070 0.013361
0 0.173406 0.397958 0.014609 0.017000
0 0.216215 0.406222 0.023195 0.018944
0 0.237742 0.399903 0.021172 0.019417
0 0.262742 0.412653 0.023359 0.020639
0 0.297672 0.417104 0.030906 0.023736
0 0.349594 0.402146 0.028313 0.019181
0 0.405656 0.411576 0.037672 0.025042
0 0.466883 0.422667 0.032188 0.024389
0 0.201996 0.447229 0.022664 0.037764
0 0.249156 0.447229 0.032000 0.032736
0 0.258223 0.480458 0.036539 0.041806
0 0.333141 0.482479 0.042484 0.044819
0 0.380867 0.479451 0.040500 0.039792
0 0.375063 0.518986 0.044188 0.047333
0 0.531543 0.583292 0.053086 0.064750
0 0.549895 0.463125 0.031336 0.033944
0 0.534715 0.449854 0.032805 0.026542
0 0.869516 0.931986 0.140188 0.136028
0 0.703359 0.505319 0.054531 0.059639
0 0.227387 0.922382 0.137898 0.155236
0 0.662125 0.966354 0.106312 0.067292
0 0.971324 0.838208 0.057352 0.121639
