0 0.289469 0.501903 0.037484 0.041806
0 0.733477 0.620562 0.071484 0.076125
0 0.205305 0.486438 0.035953 0.056208
0 0.173781 0.412257 0.016828 0.041292
0 0.217762 0.399910 0.035289 0.026986
0 0.195176 0.439403 0.022680 0.029917
0 0.220918 0.427389 0.031727 0.027694
0 0.357543 0.418875 0.026945 0.023667
0 0.348059 0.430750 0.035242 0.028944
0 0.439363 0.440701 0.034086 0.028208
0 0.368051 0.511229 0.047602 0.056431
0 0.560852 0.510090 0.048672 0.048569
0 0.242047 0.466326 0.038781 0.049708
0 0.779273 0.545604 0.044672 0.039958
0 0.745027 0.559569 0.055695 0.054778
0 0.396125 0.691528 0.059344 0.093444
0 0.659371 0.514181 0.059820 0.047861
0 0.502387 0.554028 0.049195 0.056472
0 0.267316 0.539250 0.040164 0.069194
0 0.620637 0.550562 0.052273 0.055542
0 0.866848 0.720812 0.096039 0.097514
0 0.452840 0.958729 0.114852 0.079736
0 0.507375 0.443667 0.118312 0.128083
0 0.428457 0.501069 0.044008 0.045139
