0 0.291402 0.503799 0.037820 0.049764
0 0.616543 0.497646 0.051570 0.059653
0 0.842543 0.615944 0.072773 0.069472
0 0.778332 0.642958 0.087617 0.117111
0 0.262273 0.898542 0.121719 0.191667
0 0.255195 0.400757 0.024969 0.023069
0 0.222879 0.402069 0.029867 0.035250
0 0.174777 0.377688 0.062430 0.072681
0 0.552844 0.472118 0.052297 0.055625
0 0.623305 0.679708 0.078016 0.101861
0 0.438078 0.582187 0.048578 0.062819
0 0.328539 0.543667 0.042922 0.054556
0 0.269883 0.438403 0.034766 0.026111
0 0.274535 0.462778 0.035742 0.030472
0 0.662793 0.468611 0.046867 0.033417
0 0.990824 0.642319 0.018023 0.057972
0 0.324719 0.445153 0.040641 0.045694
0 0.405047 0.449542 0.039688 0.034278
0 0.340145 0.419257 0.027914 0.017403
0 0.370133 0.440361 0.027656 0.029167
0 0.464598 0.452243 0.034273 0.030847
0 0.516434 0.433444 0.044852 0.035361
0 0.285625 0.625569 0.053938 0.103528
0 0.736105 0.518403 0.052773 0.050639
0 0.700043 0.537701 0.057023 0.058625
0 0.476270 0.632667 0.059898 0.081889
0 0.557590 0.450160 0.045914 0.035708
0 0.386230 0.481431 0.037367 0.038444
0 0.379660 0.514062 0.045195 0.057097
0 0.462594 0.518424 0.053750 0.057681
0 0.543051 0.585132 0.056039 0.079236
0 0.264867 0.413382 0.019344 0.016097
0 0.298402 0.404243 0.027664 0.021319
0 0.239039 0.443847 0.036719 0.029167
0 0.231691 0.470396 0.031336 0.029153
