0 0.839027 0.618604 0.091758 0.080875
0 0.722699 0.548438 0.064523 0.070153
0 0.595125 0.528715 0.048922 0.060597
0 0.499820 0.556868 0.065250 0.073042
0 0.532348 0.674667 0.070008 0.105194
0 0.491508 0.462472 0.038531 0.040222
0 0.626020 0.499549 0.052102 0.053181
0 0.447813 0.457743 0.046500 0.048264
0 0.440617 0.581764 0.052109 0.067083
0 0.342871 0.543014 0.040086 0.067778
0 0.352090 0.467736 0.046133 0.061583
0 0.287344 0.594167 0.070156 0.177500
0 0.248176 0.517937 0.045055 0.076069
0 0.176434 0.393174 0.022492 0.018208
0 0.201395 0.399007 0.024508 0.028014
0 0.217660 0.398056 0.013148 0.024056
0 0.286605 0.403903 0.026336 0.027306
0 0.325922 0.419181 0.029969 0.031861
0 0.243238 0.431611 0.036008 0.026444
0 0.251270 0.458160 0.037430 0.028764
0 0.364832 0.435972 0.037461 0.036806
0 0.385375 0.427139 0.016281 0.024194
0 0.431891 0.421278 0.032875 0.029222
0 0.516133 0.439993 0.046719 0.038125
0 0.834387 0.550562 0.079320 0.067458
0 0.970316 0.712007 0.059367 0.098653
