0 0.454090 0.518681 0.047867 0.058917
0 0.408477 0.434611 0.031875 0.030222
0 0.374656 0.441118 0.034594 0.031903
0 0.345988 0.488979 0.042977 0.053319
0 0.258051 0.551007 0.039367 0.055903
0 0.265406 0.481451 0.043172 0.044681
0 0.249992 0.398181 0.025609 0.023333
0 0.185961 0.390410 0.017484 0.021125
0 0.424125 0.940812 0.122109 0.118375
0 0.212219 0.400146 0.025922 0.023875
0 0.172711 0.394785 0.019938 0.023069
0 0.481797 0.435514 0.038125 0.028528
0 0.575148 0.480167 0.052953 0.051056
0 0.482926 0.467576 0.041492 0.038208
0 0.585793 0.524743 0.053570 0.045514
0 0.528711 0.726479 0.068359 0.103097
0 0.718422 0.604090 0.064609 0.080347
0 0.785410 0.561993 0.099039 0.095264
0 0.816758 0.928646 0.151578 0.142708
0 0.306184 0.413299 0.020102 0.019597
0 0.613719 0.476444 0.036594 0.034639
0 0.386320 0.626479 0.060344 0.094069
0 0.456922 0.587201 0.055906 0.070347
0 0.276934 0.604681 0.046836 0.076667
0 0.850078 0.562396 0.061766 0.079153
