0 0.765852 0.602361 0.068687 0.075500
0 0.825617 0.553174 0.072453 0.071042
0 0.559059 0.775174 0.082117 0.124764
0 0.835090 0.689382 0.090305 0.084542
0 0.555629 0.460847 0.035242 0.038972
0 0.282715 0.652715 0.056102 0.099875
0 0.502848 0.649896 0.069930 0.107847
0 0.245195 0.468882 0.037844 0.045958
0 0.352063 0.438153 0.024984 0.019639
0 0.969609 0.716097 0.060781 0.088722
0 0.314246 0.475681 0.040617 0.034611
0 0.234121 0.933326 0.095789 0.133347
0 0.429914 0.949236 0.114734 0.101528
0 0.459652 0.466028 0.040227 0.043306
0 0.390770 0.429861 0.032789 0.030278
0 0.322609 0.525993 0.046031 0.070597
0 0.485961 0.459576 0.033984 0.028903
0 0.615820 0.505222 0.049172 0.051722
0 0.631395 0.479438 0.051836 0.037375
0 0.623176 0.449375 0.047414 0.041861
0 0.262270 0.545667 0.042039 0.058444
0 0.384488 0.484083 0.045102 0.043861
0 0.323180 0.417597 0.029391 0.029389
0 0.304762 0.403174 0.029898 0.024486
0 0.272469 0.408889 0.027750 0.023583
0 0.204996 0.395000 0.035664 0.027639
