0 0.300410 0.422458 0.024648 0.018556
0 0.362027 0.411118 0.026680 0.023708
0 0.778430 0.655236 0.084578 0.071583
0 0.955594 0.604542 0.060469 0.071000
0 0.565293 0.478840 0.051898 0.052153
0 0.682031 0.497563 0.052500 0.052875
0 0.343762 0.430194 0.027258 0.021639
0 0.388125 0.428132 0.030734 0.031958
0 0.277391 0.488785 0.041156 0.042736
0 0.321793 0.480312 0.041148 0.031958
0 0.374211 0.511694 0.045922 0.047750
0 0.506984 0.424153 0.103000 0.088861
0 0.626930 0.869903 0.115484 0.170667
0 0.470395 0.973292 0.102961 0.053417
0 0.260645 0.946701 0.093914 0.106597
0 0.424316 0.566549 0.052336 0.080403
0 0.301055 0.650069 0.051656 0.093056
0 0.332496 0.536979 0.043039 0.062375
0 0.709703 0.551840 0.060687 0.062014
0 0.821996 0.559021 0.068773 0.055764
0 0.181090 0.398493 0.017977 0.019069
0 0.188195 0.435868 0.037984 0.056708
0 0.212699 0.392562 0.032477 0.029903
0 0.248215 0.402361 0.029867 0.027833
0 0.651422 0.444931 0.123406 0.080417
0 0.258871 0.554542 0.041852 0.081861
0 0.803699 0.506889 0.069477 0.047667
0 0.567648 0.522993 0.055547 0.042375
0 0.283305 0.401069 0.027547 0.021139
