0 0.772852 0.652861 0.078312 0.090583
0 0.596629 0.465299 0.033289 0.046569
0 0.479305 0.611069 0.064234 0.088556
0 0.378855 0.619222 0.054727 0.096722
0 0.428367 0.435187 0.038719 0.038208
0 0.396832 0.445160 0.032242 0.025569
0 0.238437 0.533417 0.034766 0.044389
0 0.271078 0.480590 0.041250 0.057875
0 0.308215 0.468931 0.040305 0.039056
0 0.265687 0.407410 0.022641 0.019569
0 0.238816 0.409292 0.024336 0.023333
0 0.190785 0.396500 0.021367 0.027083
0 0.555012 0.467083 0.056539 0.064722
0 0.271941 0.832722 0.080508 0.161889
0 0.686523 0.742688 0.090188 0.116347
0 0.497332 0.481389 0.042758 0.038750
0 0.462691 0.949444 0.114289 0.095083
0 0.326355 0.416861 0.034852 0.035861
0 0.965617 0.707667 0.064375 0.065278
0 0.275813 0.707993 0.062688 0.101264
0 0.608117 0.889674 0.110719 0.182292
0 0.768801 0.568944 0.067367 0.067306
0 0.814422 0.519597 0.059906 0.057917
0 0.635223 0.557438 0.058961 0.051931
