0 0.978840 0.590431 0.042320 0.144306
0 0.409402 0.675194 0.059086 0.113833
0 0.521508 0.660549 0.071312 0.123903
0 0.309703 0.399639 0.031578 0.024944
0 0.371309 0.407875 0.029867 0.027833
0 0.262645 0.395278 0.027164 0.020500
0 0.175227 0.396611 0.020047 0.019611
0 0.210941 0.402847 0.022305 0.024056
0 0.226727 0.385910 0.024812 0.027653
0 0.242016 0.409528 0.033828 0.024944
0 0.230363 0.452306 0.040102 0.036528
0 0.265699 0.487500 0.040602 0.042778
0 0.235746 0.521132 0.035336 0.052125
0 0.489195 0.432917 0.036875 0.044861
0 0.444168 0.460521 0.036102 0.033819
0 0.459711 0.446583 0.029859 0.031611
0 0.422953 0.543396 0.057703 0.068042
0 0.493992 0.551382 0.051906 0.057736
0 0.597711 0.462500 0.031328 0.033417
0 0.672773 0.958049 0.115953 0.083903
0 0.313867 0.424660 0.029781 0.022375
0 0.362426 0.436375 0.032961 0.024139
0 0.284801 0.690958 0.060633 0.132806
0 0.340656 0.542938 0.051359 0.061986
0 0.850840 0.694007 0.089523 0.083181
0 0.267227 0.587076 0.047422 0.076542
0 0.700340 0.598917 0.066695 0.071306
0 0.715336 0.513646 0.055375 0.059792
0 0.456187 0.604014 0.051344 0.077194
0 0.774734 0.870417 0.118641 0.148306
0 0.576258 0.483083 0.050875 0.052889
0 0.877773 0.645674 0.082687 0.071264
0 0.246949 0.907264 0.098727 0.153556
