0 0.301063 0.596229 0.042797 0.074347
0 0.897281 0.460250 0.070922 0.064389
0 0.261285 0.453153 0.035086 0.034306
0 0.260187 0.487493 0.034906 0.033153
0 0.508844 0.566375 0.054641 0.063167
0 0.328020 0.541375 0.038570 0.062972
0 0.292254 0.506646 0.039008 0.062097
0 0.251699 0.551090 0.041086 0.049458
0 0.913605 0.577306 0.082945 0.086500
0 0.322051 0.417250 0.041477 0.034167
0 0.333816 0.486021 0.042555 0.046042
0 0.735141 0.797924 0.116891 0.170347
0 0.437375 0.568278 0.022656 0.061944
0 0.387082 0.634750 0.075883 0.191361
0 0.431684 0.507604 0.047305 0.057903
0 0.371348 0.476889 0.036539 0.035750
0 0.401094 0.414944 0.032578 0.030722
0 0.289383 0.438597 0.037875 0.040250
0 0.263551 0.403660 0.038883 0.021625
0 0.263996 0.408187 0.024727 0.027931
0 0.213129 0.402799 0.023914 0.023653
0 0.194410 0.387403 0.022898 0.021139
0 0.293238 0.778486 0.072430 0.150000
0 0.737738 0.492535 0.051555 0.051847
0 0.748547 0.577972 0.070609 0.064361
0 0.544289 0.733528 0.073797 0.110306
