0 0.264168 0.411403 0.023617 0.026833
0 0.178445 0.418118 0.013391 0.021208
0 0.211562 0.439111 0.035312 0.030306
0 0.200973 0.477646 0.035555 0.047625
0 0.240668 0.470069 0.035555 0.032472
0 0.263559 0.448201 0.041398 0.037236
0 0.314578 0.414868 0.029953 0.026847
0 0.237746 0.521590 0.036523 0.046319
0 0.345508 0.467688 0.035797 0.029431
0 0.341242 0.494743 0.039938 0.043736
0 0.330285 0.546264 0.043836 0.058444
0 0.171258 0.392375 0.014625 0.016222
0 0.675527 0.963875 0.105242 0.072250
0 0.663152 0.476292 0.043758 0.030861
0 0.547078 0.584090 0.069391 0.100875
0 0.499285 0.482375 0.046945 0.047528
0 0.444355 0.463833 0.040758 0.035944
0 0.536941 0.433694 0.037492 0.033611
0 0.811191 0.676153 0.085023 0.082917
0 0.682719 0.721694 0.086203 0.128083
0 0.522504 0.693181 0.066523 0.116250
0 0.676910 0.580743 0.062211 0.066819
0 0.929129 0.608486 0.083602 0.075306
0 0.397578 0.657521 0.069687 0.137236
0 0.596523 0.529813 0.038641 0.048931
0 0.610254 0.474090 0.050336 0.051625
0 0.447281 0.573403 0.053781 0.065833
0 0.979398 0.580125 0.041125 0.071694
0 0.936516 0.692208 0.085641 0.076556
0 0.282738 0.782111 0.078508 0.169556
0 0.840418 0.959729 0.047195 0.068264
0 0.474023 0.424424 0.045312 0.045208
0 0.391703 0.443257 0.031953 0.033042
0 0.378336 0.424715 0.026078 0.020292
0 0.375730 0.409062 0.020867 0.020292
0 0.285719 0.629604 0.045297 0.076208
0 0.189359 0.396299 0.019016 0.022097
0 0.274641 0.591938 0.041156 0.058875
0 0.236891 0.398632 0.027031 0.028153
