0 0.487875 0.439375 0.037109 0.035056
0 0.810070 0.588729 0.086344 0.088542
0 0.403789 0.648382 0.059453 0.090264
0 0.434816 0.784139 0.084195 0.123556
0 0.292520 0.675222 0.060430 0.089639
0 0.953797 0.613556 0.089234 0.078667
0 0.874668 0.729514 0.103883 0.092333
0 0.270406 0.833708 0.091734 0.135083
0 0.678980 0.479424 0.140617 0.107792
0 0.600910 0.857292 0.116180 0.184278
0 0.886152 0.502965 0.193961 0.141764
0 0.432691 0.568625 0.059133 0.070500
0 0.488770 0.483153 0.038039 0.036583
0 0.253414 0.528396 0.041578 0.059125
0 0.308340 0.471931 0.036570 0.045917
0 0.433105 0.458806 0.034336 0.035194
